/*********************************************
 * OPL 12.6.0.0 Data
 * Author: Eloy Gil Guerrero
 * Email: eloy.gil@est.fib.upc.edu
 * Creation Date: 14/01/2017 at 20:36:59
 *********************************************/

nP = 20;         // number of destination points 
workTime = 720; // maximum time to finish (12h in minutes) 

// time (minutes) spent in a task in each point 
task = [ 1 13 19 11 17 12 0 0 1 5 17 12 6 4 17 17 13 8 19 9 0 ];

        	//  min   max
task_window = [[ 93 134 ] // 1
			   [ 77 130 ] // 2
			   [ 93 172 ] // 3
			   [ 72 153 ] // 4
			   [ 79 176 ] // 5
			   [ 93 185 ] // 6
			   [ 84 129 ] // 7
			   [ 181 226 ] // 8
			   [ 71 112 ] // 9
			   [ 96 141 ] // 10
			   [ 158 225 ] // 11
			   [ 71 163 ] // 12
			   [ 164 210 ] // 13
			   [ 224 267 ] // 14
			   [ 82 159 ] // 15
			   [ 69 166 ] // 16
			   [ 234 317 ] // 17
			   [ 97 137 ] // 18
			   [ 93 192 ] // 19
			   [ 83 123 ] // 20
]; 

	  //  1  2  3  4  5  6  7  8  9  10  11  12  13  14  15  16  17  18  19  20  S 
dist = [[ 0 17 114 108 74 79 67 95 75 91 118 55 110 100 6 113 110 82 94 64 39  ] // 1
 	    [ 17 0 59 10 32 35 21 12 2 7 53 99 66 64 100 76 48 50 14 78 64  ] // 2
 	    [ 114 59 0 63 113 100 37 44 4 24 70 18 66 83 6 41 39 73 113 99 28  ] // 3
 	    [ 108 10 63 0 28 5 76 35 112 53 4 75 86 4 80 58 55 1 36 63 47  ] // 4
 	    [ 74 32 113 28 0 99 91 58 36 26 90 57 91 66 100 101 8 87 96 12 87  ] // 5
 	    [ 79 35 100 5 99 0 70 112 70 20 42 109 11 63 39 37 106 96 22 69 4  ] // 6
 	    [ 67 21 37 76 91 70 0 94 97 116 17 23 42 92 17 106 106 83 109 4 104  ] // 7
 	    [ 95 12 44 35 58 112 94 0 56 65 7 51 55 5 97 108 111 71 15 0 54  ] // 8
 	    [ 75 2 4 112 36 70 97 56 0 90 39 113 56 81 95 62 16 15 104 89 41  ] // 9
 	    [ 91 7 24 53 26 20 116 65 90 0 114 104 78 95 36 58 101 12 41 57 81  ] // 10
 	    [ 118 53 70 4 90 42 17 7 39 114 0 70 33 103 23 104 11 44 77 9 86  ] // 11
 	    [ 55 99 18 75 57 109 23 51 113 104 70 0 64 83 59 32 42 97 52 30 58  ] // 12
 	    [ 110 66 66 86 91 11 42 55 56 78 33 64 0 24 83 108 14 9 54 33 35  ] // 13
 	    [ 100 64 83 4 66 63 92 5 81 95 103 83 24 0 81 34 27 13 86 78 62  ] // 14
 	    [ 6 100 6 80 100 39 17 97 95 36 23 59 83 81 0 6 7 37 68 9 61  ] // 15
 	    [ 113 76 41 58 101 37 106 108 62 58 104 32 108 34 6 0 15 65 111 67 3  ] // 16
 	    [ 110 48 39 55 8 106 106 111 16 101 11 42 14 27 7 15 0 44 40 59 24  ] // 17
 	    [ 82 50 73 1 87 96 83 71 15 12 44 97 9 13 37 65 44 0 41 89 83  ] // 18
 	    [ 94 14 113 36 96 22 109 15 104 41 77 52 54 86 68 111 40 41 0 70 8  ] // 19
 	    [ 64 78 99 63 12 69 4 0 89 57 9 30 33 78 9 67 59 89 70 0 50  ] // 20
 	    [ 39 64 28 47 87 4 104 54 41 81 86 58 35 62 61 3 24 83 8 50 0  ] // S
];